{
 "cells": [
  {
   "cell_type": "markdown",
   "id": "ec202ada",
   "metadata": {},
   "source": [
    "## Assignment2 - Supervised Learning flow"
   ]
  },
  {
   "cell_type": "markdown",
   "id": "b06a2810",
   "metadata": {},
   "source": [
    "### Part 1 - Student details:\n",
    "* Please write the First Name and last 4 digits of the i.d. for each student. For example:\n",
    "<pre>Israel 9812</pre>"
   ]
  },
  {
   "cell_type": "code",
   "execution_count": 1,
   "id": "ca16486b",
   "metadata": {},
   "outputs": [],
   "source": [
    "# student 1:Rotem Molcho 7881\n",
    "# student 2:Or Yizhakian 8443\n",
    "# student 3:Or Shalem 0845\n",
    "# student 4:Ievgeni Viener 8156\n",
    "# (optional) student 5:Paz Elisha 5570\n",
    "# (optional) student 6:Ran Samuelov 2709"
   ]
  },
  {
   "cell_type": "markdown",
   "id": "fb36672a",
   "metadata": {},
   "source": [
    "## Part 2 - Experiments\n",
    "You could add as many code cells as needed"
   ]
  },
  {
   "cell_type": "code",
   "execution_count": 2,
   "id": "b7098585",
   "metadata": {},
   "outputs": [],
   "source": [
    "import numpy as np\n",
    "import pandas as pd\n",
    "import sklearn\n",
    "from sklearn.svm import SVC\n",
    "import matplotlib.pyplot as plt\n",
    "from sklearn.preprocessing import StandardScaler\n",
    "from sklearn.decomposition import PCA\n",
    "from sklearn.model_selection import train_test_split\n",
    "from sklearn.linear_model import LinearRegression\n",
    "from sklearn.tree import DecisionTreeRegressor\n",
    "from sklearn.model_selection import GridSearchCV\n",
    "from sklearn.metrics import mean_squared_error, r2_score"
   ]
  },
  {
   "cell_type": "code",
   "execution_count": 3,
   "id": "097afb02",
   "metadata": {},
   "outputs": [],
   "source": [
    "def load_display_dataset(filepath):\n",
    "    df = pd.read_csv(filepath)\n",
    "    print(df.head())\n",
    "    return df"
   ]
  },
  {
   "cell_type": "code",
   "execution_count": 4,
   "id": "1fa9ec73",
   "metadata": {
    "scrolled": false
   },
   "outputs": [
    {
     "name": "stdout",
     "output_type": "stream",
     "text": [
      "Train :\n",
      "    age  sex   bmi      bp     s1     s2    s3    s4      s5     s6  target\n",
      "0  52.0  1.0  23.0  107.00  179.0  123.7  42.5  4.21  4.1589   93.0    50.0\n",
      "1  22.0  1.0  18.6   97.00  114.0   57.6  46.0  2.00  3.9512   83.0   101.0\n",
      "2  34.0  2.0  25.3  111.00  230.0  162.0  39.0  6.00  4.9767   90.0   181.0\n",
      "3  38.0  2.0  26.8  105.00  181.0  119.2  37.0  5.00  4.8203   91.0   107.0\n",
      "4  55.0  1.0  23.0   94.67  190.0  137.6  38.0  5.00  4.2767  106.0   146.0\n",
      "\n",
      "\n",
      "<class 'pandas.core.frame.DataFrame'>\n",
      "RangeIndex: 353 entries, 0 to 352\n",
      "Data columns (total 11 columns):\n",
      " #   Column  Non-Null Count  Dtype  \n",
      "---  ------  --------------  -----  \n",
      " 0   age     353 non-null    float64\n",
      " 1   sex     353 non-null    float64\n",
      " 2   bmi     353 non-null    float64\n",
      " 3   bp      353 non-null    float64\n",
      " 4   s1      353 non-null    float64\n",
      " 5   s2      353 non-null    float64\n",
      " 6   s3      353 non-null    float64\n",
      " 7   s4      353 non-null    float64\n",
      " 8   s5      353 non-null    float64\n",
      " 9   s6      353 non-null    float64\n",
      " 10  target  353 non-null    float64\n",
      "dtypes: float64(11)\n",
      "memory usage: 30.5 KB\n",
      "\n",
      "Test :\n",
      "    age  sex   bmi     bp     s1     s2    s3   s4      s5     s6  target\n",
      "0  60.0  2.0  28.2  112.0  185.0  113.8  42.0  4.0  4.9836   93.0   178.0\n",
      "1  55.0  2.0  22.9   81.0  123.0   67.2  41.0  3.0  4.3041   88.0   129.0\n",
      "2  46.0  1.0  20.6   73.0  172.0  107.0  51.0  3.0  4.2485   80.0    53.0\n",
      "3  58.0  1.0  22.8   91.0  196.0  118.8  48.0  4.0  4.9836  115.0   206.0\n",
      "4  36.0  2.0  24.1  112.0  193.0  125.0  35.0  6.0  5.1059   95.0   163.0\n",
      "\n",
      "\n",
      "<class 'pandas.core.frame.DataFrame'>\n",
      "RangeIndex: 89 entries, 0 to 88\n",
      "Data columns (total 11 columns):\n",
      " #   Column  Non-Null Count  Dtype  \n",
      "---  ------  --------------  -----  \n",
      " 0   age     89 non-null     float64\n",
      " 1   sex     89 non-null     float64\n",
      " 2   bmi     89 non-null     float64\n",
      " 3   bp      89 non-null     float64\n",
      " 4   s1      89 non-null     float64\n",
      " 5   s2      89 non-null     float64\n",
      " 6   s3      89 non-null     float64\n",
      " 7   s4      89 non-null     float64\n",
      " 8   s5      89 non-null     float64\n",
      " 9   s6      89 non-null     float64\n",
      " 10  target  89 non-null     float64\n",
      "dtypes: float64(11)\n",
      "memory usage: 7.8 KB\n"
     ]
    }
   ],
   "source": [
    "print('Train :')\n",
    "df_train=load_display_dataset('diabetes_train.csv')\n",
    "print('\\n')\n",
    "df_train.info()\n",
    "print('\\nTest :')\n",
    "df_test=load_display_dataset('diabetes_test.csv')\n",
    "print('\\n')\n",
    "df_test.info()\n"
   ]
  },
  {
   "cell_type": "code",
   "execution_count": 5,
   "id": "937b653d",
   "metadata": {},
   "outputs": [
    {
     "data": {
      "text/html": [
       "<div>\n",
       "<style scoped>\n",
       "    .dataframe tbody tr th:only-of-type {\n",
       "        vertical-align: middle;\n",
       "    }\n",
       "\n",
       "    .dataframe tbody tr th {\n",
       "        vertical-align: top;\n",
       "    }\n",
       "\n",
       "    .dataframe thead th {\n",
       "        text-align: right;\n",
       "    }\n",
       "</style>\n",
       "<table border=\"1\" class=\"dataframe\">\n",
       "  <thead>\n",
       "    <tr style=\"text-align: right;\">\n",
       "      <th></th>\n",
       "      <th>age</th>\n",
       "      <th>sex</th>\n",
       "      <th>bmi</th>\n",
       "      <th>bp</th>\n",
       "      <th>s1</th>\n",
       "      <th>s2</th>\n",
       "      <th>s3</th>\n",
       "      <th>s4</th>\n",
       "      <th>s5</th>\n",
       "      <th>s6</th>\n",
       "      <th>target</th>\n",
       "    </tr>\n",
       "  </thead>\n",
       "  <tbody>\n",
       "    <tr>\n",
       "      <th>age</th>\n",
       "      <td>178.553084</td>\n",
       "      <td>1.089066</td>\n",
       "      <td>10.379227</td>\n",
       "      <td>63.852170</td>\n",
       "      <td>116.285419</td>\n",
       "      <td>86.171481</td>\n",
       "      <td>-10.877531</td>\n",
       "      <td>3.409679</td>\n",
       "      <td>1.711446</td>\n",
       "      <td>42.302046</td>\n",
       "      <td>198.703765</td>\n",
       "    </tr>\n",
       "    <tr>\n",
       "      <th>sex</th>\n",
       "      <td>1.089066</td>\n",
       "      <td>0.249243</td>\n",
       "      <td>0.189300</td>\n",
       "      <td>1.785763</td>\n",
       "      <td>0.581517</td>\n",
       "      <td>2.200904</td>\n",
       "      <td>-2.375487</td>\n",
       "      <td>0.212843</td>\n",
       "      <td>0.031729</td>\n",
       "      <td>1.202711</td>\n",
       "      <td>2.469571</td>\n",
       "    </tr>\n",
       "    <tr>\n",
       "      <th>bmi</th>\n",
       "      <td>10.379227</td>\n",
       "      <td>0.189300</td>\n",
       "      <td>20.408859</td>\n",
       "      <td>25.467154</td>\n",
       "      <td>36.081033</td>\n",
       "      <td>34.000581</td>\n",
       "      <td>-21.150903</td>\n",
       "      <td>2.314151</td>\n",
       "      <td>1.002546</td>\n",
       "      <td>19.194712</td>\n",
       "      <td>207.678614</td>\n",
       "    </tr>\n",
       "    <tr>\n",
       "      <th>bp</th>\n",
       "      <td>63.852170</td>\n",
       "      <td>1.785763</td>\n",
       "      <td>25.467154</td>\n",
       "      <td>199.318863</td>\n",
       "      <td>123.432773</td>\n",
       "      <td>84.592520</td>\n",
       "      <td>-33.203129</td>\n",
       "      <td>4.746197</td>\n",
       "      <td>2.838473</td>\n",
       "      <td>65.243629</td>\n",
       "      <td>487.080260</td>\n",
       "    </tr>\n",
       "    <tr>\n",
       "      <th>s1</th>\n",
       "      <td>116.285419</td>\n",
       "      <td>0.581517</td>\n",
       "      <td>36.081033</td>\n",
       "      <td>123.432773</td>\n",
       "      <td>1207.238121</td>\n",
       "      <td>941.691518</td>\n",
       "      <td>31.421376</td>\n",
       "      <td>23.986026</td>\n",
       "      <td>9.304581</td>\n",
       "      <td>130.639695</td>\n",
       "      <td>585.650423</td>\n",
       "    </tr>\n",
       "    <tr>\n",
       "      <th>s2</th>\n",
       "      <td>86.171481</td>\n",
       "      <td>2.200904</td>\n",
       "      <td>34.000581</td>\n",
       "      <td>84.592520</td>\n",
       "      <td>941.691518</td>\n",
       "      <td>925.815654</td>\n",
       "      <td>-75.610303</td>\n",
       "      <td>25.869449</td>\n",
       "      <td>4.797783</td>\n",
       "      <td>100.777265</td>\n",
       "      <td>428.485993</td>\n",
       "    </tr>\n",
       "    <tr>\n",
       "      <th>s3</th>\n",
       "      <td>-10.877531</td>\n",
       "      <td>-2.375487</td>\n",
       "      <td>-21.150903</td>\n",
       "      <td>-33.203129</td>\n",
       "      <td>31.421376</td>\n",
       "      <td>-75.610303</td>\n",
       "      <td>173.863331</td>\n",
       "      <td>-12.518074</td>\n",
       "      <td>-2.630508</td>\n",
       "      <td>-35.755473</td>\n",
       "      <td>-406.507420</td>\n",
       "    </tr>\n",
       "    <tr>\n",
       "      <th>s4</th>\n",
       "      <td>3.409679</td>\n",
       "      <td>0.212843</td>\n",
       "      <td>2.314151</td>\n",
       "      <td>4.746197</td>\n",
       "      <td>23.986026</td>\n",
       "      <td>25.869449</td>\n",
       "      <td>-12.518074</td>\n",
       "      <td>1.671157</td>\n",
       "      <td>0.407043</td>\n",
       "      <td>5.930486</td>\n",
       "      <td>43.197396</td>\n",
       "    </tr>\n",
       "    <tr>\n",
       "      <th>s5</th>\n",
       "      <td>1.711446</td>\n",
       "      <td>0.031729</td>\n",
       "      <td>1.002546</td>\n",
       "      <td>2.838473</td>\n",
       "      <td>9.304581</td>\n",
       "      <td>4.797783</td>\n",
       "      <td>-2.630508</td>\n",
       "      <td>0.407043</td>\n",
       "      <td>0.276760</td>\n",
       "      <td>2.657463</td>\n",
       "      <td>23.500593</td>\n",
       "    </tr>\n",
       "    <tr>\n",
       "      <th>s6</th>\n",
       "      <td>42.302046</td>\n",
       "      <td>1.202711</td>\n",
       "      <td>19.194712</td>\n",
       "      <td>65.243629</td>\n",
       "      <td>130.639695</td>\n",
       "      <td>100.777265</td>\n",
       "      <td>-35.755473</td>\n",
       "      <td>5.930486</td>\n",
       "      <td>2.657463</td>\n",
       "      <td>128.609307</td>\n",
       "      <td>347.079240</td>\n",
       "    </tr>\n",
       "    <tr>\n",
       "      <th>target</th>\n",
       "      <td>198.703765</td>\n",
       "      <td>2.469571</td>\n",
       "      <td>207.678614</td>\n",
       "      <td>487.080260</td>\n",
       "      <td>585.650423</td>\n",
       "      <td>428.485993</td>\n",
       "      <td>-406.507420</td>\n",
       "      <td>43.197396</td>\n",
       "      <td>23.500593</td>\n",
       "      <td>347.079240</td>\n",
       "      <td>6110.395023</td>\n",
       "    </tr>\n",
       "  </tbody>\n",
       "</table>\n",
       "</div>"
      ],
      "text/plain": [
       "               age       sex         bmi          bp           s1          s2  \\\n",
       "age     178.553084  1.089066   10.379227   63.852170   116.285419   86.171481   \n",
       "sex       1.089066  0.249243    0.189300    1.785763     0.581517    2.200904   \n",
       "bmi      10.379227  0.189300   20.408859   25.467154    36.081033   34.000581   \n",
       "bp       63.852170  1.785763   25.467154  199.318863   123.432773   84.592520   \n",
       "s1      116.285419  0.581517   36.081033  123.432773  1207.238121  941.691518   \n",
       "s2       86.171481  2.200904   34.000581   84.592520   941.691518  925.815654   \n",
       "s3      -10.877531 -2.375487  -21.150903  -33.203129    31.421376  -75.610303   \n",
       "s4        3.409679  0.212843    2.314151    4.746197    23.986026   25.869449   \n",
       "s5        1.711446  0.031729    1.002546    2.838473     9.304581    4.797783   \n",
       "s6       42.302046  1.202711   19.194712   65.243629   130.639695  100.777265   \n",
       "target  198.703765  2.469571  207.678614  487.080260   585.650423  428.485993   \n",
       "\n",
       "                s3         s4         s5          s6       target  \n",
       "age     -10.877531   3.409679   1.711446   42.302046   198.703765  \n",
       "sex      -2.375487   0.212843   0.031729    1.202711     2.469571  \n",
       "bmi     -21.150903   2.314151   1.002546   19.194712   207.678614  \n",
       "bp      -33.203129   4.746197   2.838473   65.243629   487.080260  \n",
       "s1       31.421376  23.986026   9.304581  130.639695   585.650423  \n",
       "s2      -75.610303  25.869449   4.797783  100.777265   428.485993  \n",
       "s3      173.863331 -12.518074  -2.630508  -35.755473  -406.507420  \n",
       "s4      -12.518074   1.671157   0.407043    5.930486    43.197396  \n",
       "s5       -2.630508   0.407043   0.276760    2.657463    23.500593  \n",
       "s6      -35.755473   5.930486   2.657463  128.609307   347.079240  \n",
       "target -406.507420  43.197396  23.500593  347.079240  6110.395023  "
      ]
     },
     "metadata": {},
     "output_type": "display_data"
    },
    {
     "data": {
      "text/html": [
       "<div>\n",
       "<style scoped>\n",
       "    .dataframe tbody tr th:only-of-type {\n",
       "        vertical-align: middle;\n",
       "    }\n",
       "\n",
       "    .dataframe tbody tr th {\n",
       "        vertical-align: top;\n",
       "    }\n",
       "\n",
       "    .dataframe thead th {\n",
       "        text-align: right;\n",
       "    }\n",
       "</style>\n",
       "<table border=\"1\" class=\"dataframe\">\n",
       "  <thead>\n",
       "    <tr style=\"text-align: right;\">\n",
       "      <th></th>\n",
       "      <th>age</th>\n",
       "      <th>sex</th>\n",
       "      <th>bmi</th>\n",
       "      <th>bp</th>\n",
       "      <th>s1</th>\n",
       "      <th>s2</th>\n",
       "      <th>s3</th>\n",
       "      <th>s4</th>\n",
       "      <th>s5</th>\n",
       "      <th>s6</th>\n",
       "      <th>target</th>\n",
       "    </tr>\n",
       "  </thead>\n",
       "  <tbody>\n",
       "    <tr>\n",
       "      <th>age</th>\n",
       "      <td>1.000000</td>\n",
       "      <td>0.163252</td>\n",
       "      <td>0.171938</td>\n",
       "      <td>0.338468</td>\n",
       "      <td>0.250464</td>\n",
       "      <td>0.211942</td>\n",
       "      <td>-0.061737</td>\n",
       "      <td>0.197388</td>\n",
       "      <td>0.243460</td>\n",
       "      <td>0.279152</td>\n",
       "      <td>0.190234</td>\n",
       "    </tr>\n",
       "    <tr>\n",
       "      <th>sex</th>\n",
       "      <td>0.163252</td>\n",
       "      <td>1.000000</td>\n",
       "      <td>0.083932</td>\n",
       "      <td>0.253360</td>\n",
       "      <td>0.033524</td>\n",
       "      <td>0.144886</td>\n",
       "      <td>-0.360858</td>\n",
       "      <td>0.329790</td>\n",
       "      <td>0.120806</td>\n",
       "      <td>0.212429</td>\n",
       "      <td>0.063281</td>\n",
       "    </tr>\n",
       "    <tr>\n",
       "      <th>bmi</th>\n",
       "      <td>0.171938</td>\n",
       "      <td>0.083932</td>\n",
       "      <td>1.000000</td>\n",
       "      <td>0.399298</td>\n",
       "      <td>0.229865</td>\n",
       "      <td>0.247352</td>\n",
       "      <td>-0.355071</td>\n",
       "      <td>0.396254</td>\n",
       "      <td>0.421835</td>\n",
       "      <td>0.374659</td>\n",
       "      <td>0.588095</td>\n",
       "    </tr>\n",
       "    <tr>\n",
       "      <th>bp</th>\n",
       "      <td>0.338468</td>\n",
       "      <td>0.253360</td>\n",
       "      <td>0.399298</td>\n",
       "      <td>1.000000</td>\n",
       "      <td>0.251628</td>\n",
       "      <td>0.196923</td>\n",
       "      <td>-0.178361</td>\n",
       "      <td>0.260054</td>\n",
       "      <td>0.382172</td>\n",
       "      <td>0.407500</td>\n",
       "      <td>0.441359</td>\n",
       "    </tr>\n",
       "    <tr>\n",
       "      <th>s1</th>\n",
       "      <td>0.250464</td>\n",
       "      <td>0.033524</td>\n",
       "      <td>0.229865</td>\n",
       "      <td>0.251628</td>\n",
       "      <td>1.000000</td>\n",
       "      <td>0.890738</td>\n",
       "      <td>0.068584</td>\n",
       "      <td>0.534015</td>\n",
       "      <td>0.509036</td>\n",
       "      <td>0.331545</td>\n",
       "      <td>0.215629</td>\n",
       "    </tr>\n",
       "    <tr>\n",
       "      <th>s2</th>\n",
       "      <td>0.211942</td>\n",
       "      <td>0.144886</td>\n",
       "      <td>0.247352</td>\n",
       "      <td>0.196923</td>\n",
       "      <td>0.890738</td>\n",
       "      <td>1.000000</td>\n",
       "      <td>-0.188458</td>\n",
       "      <td>0.657683</td>\n",
       "      <td>0.299727</td>\n",
       "      <td>0.292055</td>\n",
       "      <td>0.180152</td>\n",
       "    </tr>\n",
       "    <tr>\n",
       "      <th>s3</th>\n",
       "      <td>-0.061737</td>\n",
       "      <td>-0.360858</td>\n",
       "      <td>-0.355071</td>\n",
       "      <td>-0.178361</td>\n",
       "      <td>0.068584</td>\n",
       "      <td>-0.188458</td>\n",
       "      <td>1.000000</td>\n",
       "      <td>-0.734387</td>\n",
       "      <td>-0.379213</td>\n",
       "      <td>-0.239113</td>\n",
       "      <td>-0.394394</td>\n",
       "    </tr>\n",
       "    <tr>\n",
       "      <th>s4</th>\n",
       "      <td>0.197388</td>\n",
       "      <td>0.329790</td>\n",
       "      <td>0.396254</td>\n",
       "      <td>0.260054</td>\n",
       "      <td>0.534015</td>\n",
       "      <td>0.657683</td>\n",
       "      <td>-0.734387</td>\n",
       "      <td>1.000000</td>\n",
       "      <td>0.598522</td>\n",
       "      <td>0.404525</td>\n",
       "      <td>0.427479</td>\n",
       "    </tr>\n",
       "    <tr>\n",
       "      <th>s5</th>\n",
       "      <td>0.243460</td>\n",
       "      <td>0.120806</td>\n",
       "      <td>0.421835</td>\n",
       "      <td>0.382172</td>\n",
       "      <td>0.509036</td>\n",
       "      <td>0.299727</td>\n",
       "      <td>-0.379213</td>\n",
       "      <td>0.598522</td>\n",
       "      <td>1.000000</td>\n",
       "      <td>0.445430</td>\n",
       "      <td>0.571468</td>\n",
       "    </tr>\n",
       "    <tr>\n",
       "      <th>s6</th>\n",
       "      <td>0.279152</td>\n",
       "      <td>0.212429</td>\n",
       "      <td>0.374659</td>\n",
       "      <td>0.407500</td>\n",
       "      <td>0.331545</td>\n",
       "      <td>0.292055</td>\n",
       "      <td>-0.239113</td>\n",
       "      <td>0.404525</td>\n",
       "      <td>0.445430</td>\n",
       "      <td>1.000000</td>\n",
       "      <td>0.391523</td>\n",
       "    </tr>\n",
       "    <tr>\n",
       "      <th>target</th>\n",
       "      <td>0.190234</td>\n",
       "      <td>0.063281</td>\n",
       "      <td>0.588095</td>\n",
       "      <td>0.441359</td>\n",
       "      <td>0.215629</td>\n",
       "      <td>0.180152</td>\n",
       "      <td>-0.394394</td>\n",
       "      <td>0.427479</td>\n",
       "      <td>0.571468</td>\n",
       "      <td>0.391523</td>\n",
       "      <td>1.000000</td>\n",
       "    </tr>\n",
       "  </tbody>\n",
       "</table>\n",
       "</div>"
      ],
      "text/plain": [
       "             age       sex       bmi        bp        s1        s2        s3  \\\n",
       "age     1.000000  0.163252  0.171938  0.338468  0.250464  0.211942 -0.061737   \n",
       "sex     0.163252  1.000000  0.083932  0.253360  0.033524  0.144886 -0.360858   \n",
       "bmi     0.171938  0.083932  1.000000  0.399298  0.229865  0.247352 -0.355071   \n",
       "bp      0.338468  0.253360  0.399298  1.000000  0.251628  0.196923 -0.178361   \n",
       "s1      0.250464  0.033524  0.229865  0.251628  1.000000  0.890738  0.068584   \n",
       "s2      0.211942  0.144886  0.247352  0.196923  0.890738  1.000000 -0.188458   \n",
       "s3     -0.061737 -0.360858 -0.355071 -0.178361  0.068584 -0.188458  1.000000   \n",
       "s4      0.197388  0.329790  0.396254  0.260054  0.534015  0.657683 -0.734387   \n",
       "s5      0.243460  0.120806  0.421835  0.382172  0.509036  0.299727 -0.379213   \n",
       "s6      0.279152  0.212429  0.374659  0.407500  0.331545  0.292055 -0.239113   \n",
       "target  0.190234  0.063281  0.588095  0.441359  0.215629  0.180152 -0.394394   \n",
       "\n",
       "              s4        s5        s6    target  \n",
       "age     0.197388  0.243460  0.279152  0.190234  \n",
       "sex     0.329790  0.120806  0.212429  0.063281  \n",
       "bmi     0.396254  0.421835  0.374659  0.588095  \n",
       "bp      0.260054  0.382172  0.407500  0.441359  \n",
       "s1      0.534015  0.509036  0.331545  0.215629  \n",
       "s2      0.657683  0.299727  0.292055  0.180152  \n",
       "s3     -0.734387 -0.379213 -0.239113 -0.394394  \n",
       "s4      1.000000  0.598522  0.404525  0.427479  \n",
       "s5      0.598522  1.000000  0.445430  0.571468  \n",
       "s6      0.404525  0.445430  1.000000  0.391523  \n",
       "target  0.427479  0.571468  0.391523  1.000000  "
      ]
     },
     "metadata": {},
     "output_type": "display_data"
    }
   ],
   "source": [
    "\n",
    "cov_matrix = df_train.cov()\n",
    "corr_matrix = df_train.corr()\n",
    "display(cov_matrix)\n",
    "display(corr_matrix)\n"
   ]
  },
  {
   "cell_type": "code",
   "execution_count": 6,
   "id": "07a9d6d1",
   "metadata": {},
   "outputs": [
    {
     "name": "stdout",
     "output_type": "stream",
     "text": [
      "0.5880953851480304\n"
     ]
    },
    {
     "data": {
      "text/plain": [
       "<matplotlib.collections.PathCollection at 0x1654d653150>"
      ]
     },
     "execution_count": 6,
     "metadata": {},
     "output_type": "execute_result"
    },
    {
     "data": {
